    Re(Az)       Im(Az)                Abs(Az)
(-2.51511e-63,  3.21616e-89)         2.51511e-63    
(-2.51511e-63,  3.21616e-89)         2.51511e-63
(-2.51511e-63,  3.21616e-89)         2.51511e-63
(-2.51511e-63,  3.21616e-89)         2.51511e-63
(-2.51511e-63,  3.21616e-89)         2.51511e-63
(-2.51511e-63,  3.21616e-89)         2.51511e-63
(-2.51511e-63,  3.21616e-89)         2.51511e-63 
(-2.51511e-63,  3.21616e-89)         2.51511e-63 
(-2.51511e-63,  3.21616e-89)         2.51511e-63 
(-2.94635e-06,  7.47695e-88)         2.51511e-63 
(-0.00013557,   8.71876e-88)         2.94635e-06
(-0.00013557,   8.71876e-88)         0.00013557
(-0.00013557,   8.71876e-88)         0.00013557
(-0.00013557,   8.71876e-88)         0.00013557
(-0.00013557,   8.71876e-88)         0.00013557
(-0.00013557,   8.71876e-88)         0.00013557
(-0.00013557,   8.71876e-88)         0.00013557
(-0.00013557,   8.71876e-88)         0.00013557
(-0.00013557,   8.71876e-88)         0.00013557
(-0.00013557,   8.71876e-88)         0.00013557
(-0.00013557,   8.71876e-88)         0.00013557
(-0.00013557,   8.71876e-88)         0.00013557
(-0.00013557,   8.71876e-88)         0.00013557
(-0.00013557,   8.71876e-88)         0.00013557
(-0.00013557,   8.71876e-88)         0.00013557
(-3.65519e-09,  7.29745e-88)         0.00013557
(-2.51511e-63,  3.21616e-89)         3.65519e-09
(-2.51511e-63,  3.21616e-89)         2.51511e-63
(-2.51511e-63,  3.21616e-89)         2.51511e-63
(-2.51511e-63,  3.21616e-89)         2.51511e-63
(-2.51511e-63,  3.21616e-89)         2.51511e-63
(-2.51511e-63,  3.21616e-89)         2.51511e-63
(-2.51511e-63,  3.21616e-89)         2.51511e-63
(-2.51511e-63,  3.21616e-89)         2.51511e-63
(-2.51511e-63,  3.21616e-89)         2.51511e-63
(-2.51511e-63,  3.21616e-89)         2.51511e-63
(-2.51526e-63,  3.23757e-89)         2.51526e-63

         
         
         
         

Re(Bx)           Im(Bx)                Abs(Bx)  
(1.25755e-60,-1.60808e-86)          1.25755e-60
(1.25755e-60,-1.60808e-86)          1.25755e-60
(1.25755e-60,-1.60808e-86)          1.25755e-60
(1.25755e-60,-1.60808e-86)          1.25755e-60
(1.25755e-60,-1.60808e-86)          1.25755e-60
(1.25755e-60,-1.60808e-86)          1.25755e-60
(1.25755e-60,-1.60808e-86)          1.25755e-60
(1.25755e-60,-1.60808e-86)          1.25755e-60
(1.25755e-60,-1.60808e-86)          1.25755e-60
(1.25755e-60,-1.60808e-86)          1.25755e-60
(1.25755e-60,-1.60808e-86)          1.25755e-60
(1.25755e-60,-1.60808e-86)          1.25755e-60
(1.25755e-60,-1.60808e-86)          1.25755e-60
(1.25755e-60,-1.60808e-86)          1.25755e-60
(1.25755e-60,-1.60808e-86)          1.25755e-60
(1.25755e-60,-1.60808e-86)          1.25755e-60
(1.25755e-60,-1.60808e-86)          1.25755e-60
(1.25755e-60,-1.60808e-86)          1.25755e-60
(1.25755e-60,-1.60808e-86)          1.25755e-60
(1.25755e-60,-1.60808e-86)          1.25755e-60
(1.25755e-60,-1.60808e-86)          1.25755e-60
(1.25755e-60,-1.60808e-86)          1.25755e-60
(1.25755e-60,-1.60808e-86)          1.25755e-60
(1.25755e-60,-1.60808e-86)          1.25755e-60
(1.25755e-60,-1.60808e-86)          1.25755e-60
(1.25755e-60,-1.60808e-86)          1.25755e-60
(1.25755e-60,-1.60808e-86)          1.25755e-60
(1.25755e-60,-1.60808e-86)          1.25755e-60
(1.25755e-60,-1.60808e-86)          1.25755e-60
(1.25755e-60,-1.60808e-86)          1.25755e-60
(1.25755e-60,-1.60808e-86)          1.25755e-60
(1.25755e-60,-1.60808e-86)          1.25755e-60
(1.25755e-60,-1.60808e-86)          1.25755e-60
(1.25755e-60,-1.60808e-86)          1.25755e-60
(1.25755e-60,-1.60808e-86)          1.25755e-60
(1.25755e-60,-1.60808e-86)          1.25755e-60
(1.25755e-60,-1.60808e-86)          1.25755e-60
(1.25755e-60,-1.60808e-86)          1.25755e-60

  
  
  
    
Re(By)           Im(By)                Abs(By)                         
(-6.77256e-60,-8.71579e-86)           6.77256e-60
(-6.77256e-60,-8.71579e-86)           6.77256e-60
(-6.77256e-60,-8.71579e-86)           6.77256e-60
(-6.77256e-60,-8.71579e-86)           6.77256e-60
(-6.77256e-60,-8.71579e-86)           6.77256e-60
(-6.77256e-60,-8.71579e-86)           6.77256e-60
(-6.77256e-60,-8.71579e-86)           6.77256e-60
(-6.77256e-60,-8.71579e-86)           6.77256e-60
(-6.77256e-60,-8.71579e-86)           6.77256e-60
(-6.77256e-60,-8.71579e-86)           6.77256e-60
(-0.000141652,-5.18074e-86)           6.77256e-60
(-6.77256e-60,-8.71579e-86)           6.77256e-60
(-6.77256e-60,-8.71579e-86)           6.77256e-60
(-6.77256e-60,-8.71579e-86)           6.77256e-60
(-6.77256e-60,-8.71579e-86)           6.77256e-60
(-6.77256e-60,-8.71579e-86)           6.77256e-60
(-6.77256e-60,-8.71579e-86)           6.77256e-60
(-6.77256e-60,-8.71579e-86)           6.77256e-60
(-6.77256e-60,-8.71579e-86)           6.77256e-60
(-6.77256e-60,-8.71579e-86)           6.77256e-60
(-6.77256e-60,-8.71579e-86)           6.77256e-60
(-6.77256e-60,-8.71579e-86)           6.77256e-60
(-6.77256e-60,-8.71579e-86)           6.77256e-60
(-6.77256e-60,-8.71579e-86)           6.77256e-60
(-6.77256e-60,-8.71579e-86)           6.77256e-60
(-6.77256e-60,-8.71579e-86)           6.77256e-60
(-1.7573e-07,-5.26578e-86)            6.77256e-60
(-6.77256e-60,-8.71579e-86)           6.77256e-60
(-6.77256e-60,-8.71579e-86)           6.77256e-60
(-6.77256e-60,-8.71579e-86)           6.77256e-60
(-6.77256e-60,-8.71579e-86)           6.77256e-60
(-6.77256e-60,-8.71579e-86)           6.77256e-60
(-6.77256e-60,-8.71579e-86)           6.77256e-60
(-6.77256e-60,-8.71579e-86)           6.77256e-60
(-6.77256e-60,-8.71579e-86)           6.77256e-60
(-6.77256e-60,-8.71579e-86)           6.77256e-60
(-6.77256e-60,-8.71579e-86)           6.77256e-60
(-6.77295e-60,-8.77141e-86)           6.77256e-60



Residue over 100 iterations for point_1:
(Re(residual),Im(Residual))                    Abs(Residual)
(0,0)                                         0
(-6.27372e-10,0)                              6.27372e-10
(1.03931e-06,-1.0935e-07)                     1.04505e-06
(2.85324e-06,-3.83287e-07)                    2.87887e-06
(5.86874e-06,-9.6081e-07)                     5.94687e-06
(1.07211e-05,-2.07344e-06)                    1.09198e-05
(1.83468e-05,-4.09919e-06)                    1.87992e-05
(3.01167e-05,-7.64554e-06)                    3.1072e-05
(4.80256e-05,-1.36759e-05)                    4.99349e-05
(7.49601e-05,-2.37017e-05)                    7.8618e-05
(0.000115077,-4.00713e-05)                    0.000121854
(0.000174334,-6.64043e-05)                    0.000186553
(0.000261238,-0.00010824)                     0.000282774
(0.000387881,-0.000174001)                    0.000425121
(0.000571395,-0.000276423)                    0.000634746
(0.000835961,-0.000434667)                    0.000942214
(0.0012156,-0.000677423)                      0.00139161
(0.001758,-0.00104748)                        0.00204641
(0.00252984,-0.00160838)                      0.00299782
(0.00362397,-0.00245419)                      0.00437678
(0.00516937,-0.00372371)                      0.00637091
(0.0073446,-0.00562105)                       0.00924875
(0.010396,-0.00844558)                        0.0133942
(0.0146625,-0.0126352)                        0.0193555
(0.0206085,-0.0188289)                        0.0279148
(0.0288686,-0.0279567)                        0.0401867
(0.0403063,-0.0413695)                        0.0577584
(0.0560924,-0.061025)                         0.082888
(0.0778077,-0.0897552)                        0.118786
(0.107577,-0.131648)                          0.170012
(0.148244,-0.192595)                          0.243042
(0.20359,-0.281072)                           0.347059
(0.27862,-0.409247)                           0.495088
(0.379909,-0.594572)                          0.705582
(0.516032,-0.862028)                          1.00468
(0.698075,-1.24732)                           1.42938
(0.940213,-1.80142)                           2.03202
(1.26035,-2.59697)                            2.88665
(1.68074,-3.73737)                            4.0979
(2.22847,-5.36961)                            5.81367
(2.93565,-7.70234)                            8.24282
(3.83886,-11.0314)                            11.6803
(4.97733,-15.7758)                            16.5423
(6.38886,-22.5279)                            23.4163
(8.102,-32.1249)                              33.1308
(10.122,-45.7476)                             46.854
(12.4069,-65.0606)                            66.233
(14.8282,-92.4067)                            93.5888
(17.1069,-131.08)                             132.192
(18.7128,-185.708)                            186.649
(18.7065,-262.782)                            263.447
(15.4949,-371.397)                            371.72
(6.45705,-524.286)                            524.326
(-12.6252,-739.25)                            739.358
(-48.4269,-1041.15)                           1042.28
(-111.371,-1464.67)                           1468.9
(-217.56,-2058.13)                            2069.6
(-391.64,-2888.8)                             2915.23
(-671.059,-4050.18)                           4105.4
(-1112.33,-5672.1)                            5780.14
(-1800.29,-7934.61)                           8136.28
(-2861.59,-11087.1)                           11450.5
(-4484.54,-15474.7)                           16111.4
(-6948.01,-21574.1)                           22665.3
(-10663.4,-30043)                             31879.3
(-16235.9,-41787.9)                           44831.2
(-24552.7,-58056.2)                           63034.6
(-36911.4,-80561.6)                           88615
(-55204.5,-111655)                            124557
(-82186.1,-154559)                            175051
(-121855,-213677)                             245981
(-180007,-295023)                             345602
(-265021,-406794)                             485507
(-388996,-560138)                             681962
(-569370,-770187)                             957795
(-831228,-1.05744e+06)                        1.34504e+06
(-1.21061e+06,-1.4496e+06)                    1.88863e+06
(-1.75922e+06,-1.98402e+06)                   2.65164e+06
(-2.5511e+06,-2.7109e+06)                     3.72251e+06
(-3.69218e+06,-3.69757e+06)                   5.22534e+06
(-5.33379e+06,-5.03399e+06)                   7.33419e+06
(-7.69185e+06,-6.83997e+06)                   1.02932e+07
(-1.1074e+07,-9.27448e+06)                    1.44447e+07
(-1.59183e+07,-1.25475e+07)                   2.0269e+07
(-2.28473e+07,-1.69351e+07)                   2.84393e+07
(-3.27453e+07,-2.27982e+07)                   3.99e+07
(-4.68666e+07,-3.06057e+07)                   5.59749e+07
(-6.69888e+07,-4.09626e+07)                   7.85203e+07
(-9.56283e+07,-5.46423e+07)                   1.10139e+08
(-1.36344e+08,-7.26235e+07)                   1.54479e+08
(-1.94162e+08,-9.61292e+07)                   2.16656e+08
(-2.76179e+08,-1.26663e+08)                   3.03839e+08
(-3.92398e+08,-1.66035e+08)                   4.2608e+08
(-5.56913e+08,-2.16365e+08)                   5.97466e+08
(-7.89555e+08,-2.80031e+08)                   8.37744e+08
(-1.11821e+09,-3.59538e+08)                   1.17459e+09
(-1.58204e+09,-4.57231e+08)                   1.64679e+09
(-2.23601e+09,-5.74756e+08)                   2.3087e+09
(-3.15719e+09,-7.12125e+08)                   3.23651e+09
(-4.45353e+09,-8.66129e+08)                   4.53697e+09


Residue over 100 iterations for point_2:
(Re(residual),Im(Residual))                    Abs(Residual)
(0,0)                                            0
(-0.00013557,0)                                  0.00013557
(-0.000189713,5.69309e-06)                       0.000189798
(-0.000265239,1.59335e-05)                       0.000265717
(-0.000370498,3.34352e-05)                       0.000372004
(-0.00051706,6.23468e-05)                        0.000520806
(-0.000720941,0.00010896)                        0.000729128
(-0.00100429,0.00018275)                         0.00102078
(-0.0013977,0.000297908)                         0.00142909
(-0.00194338,0.000475578)                        0.00200073
(-0.00269954,0.00074712)                         0.00280102
(-0.00374628,0.00115886)                         0.00392143
(-0.00519377,0.00177899)                         0.00549
(-0.0071933,0.00270758)                          0.00768599
(-0.00995238,0.00409098)                         0.0107604
(-0.0137553,0.00614273)                          0.0150645
(-0.0189908,0.00917358)                          0.0210904
(-0.0261899,0.0136347)                           0.0295265
(-0.0360767,0.0201798)                           0.0413371
(-0.0496373,0.0297541)                           0.057872
(-0.0682115,0.0437214)                           0.0810208
(-0.093617,0.0640469)                            0.113429
(-0.128315,0.0935566)                            0.158801
(-0.175632,0.136309)                             0.222321
(-0.24005,0.198122)                              0.311249
(-0.327599,0.287326)                             0.435749
(-0.446366,0.415833)                             0.610049
(-0.607169,0.600649)                             0.854068
(-0.82443,0.866027)                              1.1957
(-1.11732,1.24651)                               1.67397
(-1.51119,1.79125)                               2.34356
(-2.0395,2.57009)                                3.28099
(-2.74608,3.68215)                               4.59338
(-3.68816,5.26801)                               6.43074
(-4.93987,7.52677)                               9.00303
(-6.59663,10.7402)                               12.6042
(-8.78011,15.3065)                               17.6459
(-11.6438,21.7882)                               24.7043
(-15.3791,30.9787)                               34.586
(-20.2201,43.9965)                               48.4205
(-26.4479,62.4164)                               67.7887
(-34.3892,88.4543)                               94.9041
(-44.4088,125.224)                               132.866
(-56.8856,177.1)                                 186.012
(-72.167,250.218)                                260.417
(-90.4807,353.178)                               364.584
(-111.785,498.026)                               510.417
(-135.514,701.617)                               714.584
(-160.171,987.512)                               1000.42
(-182.669,1388.62)                               1400.58
(-197.309,1950.87)                               1960.82
(-194.184,2738.27)                               2745.15
(-156.745,3840.01)                               3843.2
(-58.0884,5380.17)                               5380.49
(144.646,7531.29)                                7532.68
(518.68,10533)                                   10545.8
(1168.14,14717.8)                                14764.1
(2252.72,20546.5)                                20669.7
(4015.22,28657.6)                                28937.5
(6822.21,39934)                                  40512.6
(11223.8,55596)                                  56717.6
(18040.9,77328)                                  79404.6
(28493.2,107453)                                 111166
(44384.8,149170)                                 155633
(68375,206880)                                   217886
(104370,286630)                                  305041
(158088,396719)                                  427057
(237884,548518)                                  597880
(355922,757590)                                  837032
(529880,1.0452e+06)                              1.17184e+06
(785390,1.44037e+06)                             1.64058e+06
(1.15954e+06,1.98263e+06)                        2.29682e+06
(1.70588e+06,2.72574e+06)                        3.21554e+06
(2.50162e+06,3.74269e+06)                        4.50176e+06
(3.65787e+06,5.13235e+06)                        6.30246e+06
(5.33423e+06,7.02845e+06)                        8.82345e+06
(7.75972e+06,9.6114e+06)                         1.23528e+07
(1.12623e+07,1.3124e+07)                         1.7294e+07
(1.63113e+07,1.78925e+07)                        2.42115e+07
(2.35769e+07,2.43532e+07)                        3.38962e+07
(3.40155e+07,3.3089e+07)                         4.74546e+07
(4.89898e+07,4.48754e+07)                        6.64365e+07
(7.04394e+07,6.074e+07)                          9.3011e+07
(1.01121e+08,8.20397e+07)                        1.30215e+08
(1.44951e+08,1.10557e+08)                        1.82302e+08
(2.07483e+08,1.48624e+08)                        2.55222e+08
(2.96587e+08,1.99267e+08)                        3.57311e+08
(4.23404e+08,2.66393e+08)                        5.00236e+08
(6.03685e+08,3.55002e+08)                        7.0033e+08
(8.59687e+08,4.71428e+08)                        9.80462e+08
(1.22282e+09,6.23601e+08)                        1.37265e+09
(1.73736e+09,8.21298e+08)                        1.92171e+09
(2.4657e+09,1.07634e+09)                         2.69039e+09
(3.49563e+09,1.40266e+09)                        3.76654e+09
(4.95058e+09,1.81604e+09)                        5.27316e+09
(7.00395e+09,2.33342e+09)                        7.38242e+09
(9.89911e+09,2.9712e+09)                         1.03354e+10
(1.39773e+10,3.74211e+09)                        1.44696e+10
(1.97165e+10,4.64963e+09)                        2.02574e+10
(2.7786e+10,5.67859e+09)                         2.83603e+10

    
    
    
    
    
    
    
    
    
    
    
    
    
    
    
    
    
    
    
    
